accuracy: 0.7346208691596985
loss: 0.6361755132675171
lr: 2.9999999242136255e-05
val_accuracy: 0.7599999904632568
val_loss: 0.57530677318573
